25.05.18-20:13: 25.8 51.1 24.7 99.9 25.4 25.1 842 823 440 662 590 436 1023 1021 
25.05.18-20:19: 25.8 51.3 24.7 99.9 25.4 25.1 874 855 439 663 591 435 1023 1022 
25.05.18-21:00: 25.8 52.5 24.7 99.9 25.4 25.2 894 882 1022 1022 594 439 1023 1022 
25.05.18-22:00: 25.8 55.2 24.7 99.9 25.4 24.9 950 976 439 669 590 398 1023 1021 
25.05.18-23:00: 25.4 53.9 24.8 99.9 25.4 24.6 1016 1011 439 678 574 419 1023 1021 
26.05.18-00:00: 25.0 53.2 24.7 99.9 25.2 24.3 1023 1023 1023 1023 559 413 1023 1021 
26.05.18-01:00: 24.8 52.4 24.4 99.9 25.0 24.2 1023 1023 1023 1023 557 406 1023 1021 
26.05.18-02:00: 24.7 51.6 24.3 99.9 24.9 24.1 1023 1023 1023 1023 555 402 1023 1021 
26.05.18-03:00: 24.5 50.4 24.2 99.9 24.7 24.1 1023 1023 1023 1023 557 400 1023 1021 
26.05.18-04:00: 24.5 50.4 24.1 99.9 24.6 24.0 1023 1023 1023 1023 560 401 1023 1021 
26.05.18-05:00: 24.5 49.4 24.1 99.9 24.5 24.0 1023 1023 1023 1023 564 402 1023 1021 
26.05.18-06:00: 24.5 49.2 24.0 99.9 24.6 24.1 1016 1012 435 685 570 406 1022 1021 
26.05.18-07:00: 24.5 49.3 24.2 99.9 24.6 24.2 835 827 438 689 580 403 1023 1022 
26.05.18-08:00: 24.7 49.2 24.2 99.9 24.7 24.4 652 646 437 688 586 410 1023 1023 
26.05.18-09:00: 24.9 48.6 24.3 99.9 24.8 24.8 548 546 437 686 590 406 1023 1022 
26.05.18-10:00: 25.2 47.9 24.4 99.9 24.8 25.1 467 469 437 683 591 408 1023 1021 
26.05.18-11:00: 25.6 47.0 24.6 99.9 24.9 25.4 433 437 436 681 591 409 1023 1021 
26.05.18-12:00: 26.0 46.1 24.7 99.9 25.1 25.6 403 406 436 681 589 410 1023 102
26.05.18-13:00: 26.3 45.5 24.8 99.9 25.1 25.8 349 332 436 680 588 411 1023 1022 
26.05.18-14:00: 26.6 44.7 24.9 99.9 25.2 27.4 363 344 435 679 585 412 1023 1023 
26.05.18-15:00: 28.0 42.4 25.4 99.9 25.5 27.2 431 398 435 683 585 419 1023 1022 
26.05.18-16:00: 28.0 41.6 25.7 99.9 25.7 26.4 275 268 430 654 583 425 1022 1022 
26.05.18-17:00: 27.2 42.6 25.5 99.9 25.8 26.1 266 287 432 656 583 434 1023 102
26.05.18-18:00: 26.9 43.2 25.4 99.9 25.8 25.8 413 422 435 684 585 441 1023 1022 
26.05.18-19:00: 26.4 44.2 25.3 99.9 25.8 25.4 496 494 436 686 589 447 1023 1022 
26.05.18-20:00: 26.0 44.7 25.2 99.9 25.8 25.1 649 643 436 689 592 454 1023 1022 
26.05.18-21:00: 25.7 45.4 25.1 99.9 25.7 24.9 788 779 436 690 597 449 1023 1021 
26.05.18-22:00: 25.4 45.7 25.0 99.9 25.6 24.8 1003 1001 437 691 601 460 1022 1022 
26.05.18-23:00: 25.3 46.2 25.0 99.9 25.6 24.8 1016 1014 436 691 605 461 1022 1020 
27.05.18-00:00: 25.3 46.3 25.0 99.9 25.4 24.6 1023 1023 1023 1023 605 471 1023 1021 
27.05.18-01:00: 25.1 46.6 24.7 99.9 25.2 24.6 1022 1023 1023 1023 605 476 1022 1021 
27.05.18-02:00: 25.1 46.9 24.6 99.9 25.1 24.5 1023 1023 1023 1023 605 486 1023 1021 
27.05.18-03:00: 25.0 47.0 24.6 99.9 24.9 24.4 1023 1023 1023 1023 605 495 1023 1021 
27.05.18-04:00: 24.9 47.1 24.5 99.9 24.8 24.4 1023 1023 1023 1023 606 503 1023 1021 
27.05.18-05:00: 24.9 47.1 24.4 99.9 24.8 24.3 1023 1023 1023 1023 606 509 1023 1022 
27.05.18-06:00: 24.8 47.0 24.4 99.9 24.8 24.4 1016 1012 433 685 607 516 1023 1021 
27.05.18-07:00: 24.8 52.6 24.6 99.9 24.9 24.5 839 832 435 688 613 525 1023 1021 
27.05.18-08:00: 25.3 49.9 24.6 99.9 24.9 24.7 655 634 435 687 615 528 1022 1021 
27.05.18-09:00: 25.1 47.2 24.6 99.9 25.1 25.0 526 514 435 686 616 530 1023 1021 
27.05.18-10:00: 25.5 46.7 24.7 99.9 25.1 25.2 488 478 435 685 616 533 1023 1021 
27.05.18-11:00: 25.8 45.9 24.8 99.9 25.2 25.6 367 352 434 679 611 531 1023 1021 
27.05.18-12:00: 26.3 45.1 25.0 99.9 25.3 25.9 388 389 434 679 607 530 1023 1021 
27.05.18-12:30: 26.6 44.3 25.1 99.9 25.3 25.8 329 310 433 678 605 527 1023 1022 
27.05.18-13:30: 26.4 44.2 25.1 99.9 25.4 26.3 346 322 434 680 610 538 1023 1021 
27.05.18-14:30: 27.1 43.4 25.2 99.9 25.6 28.0 336 307 433 678 601 541 1023 1021 
27.05.18-15:30: 28.5 41.2 25.8 99.9 25.9 27.3 261 242 426 641 597 537 1023 1022 
27.05.18-16:30: 28.1 41.4 25.9 99.9 26.0 26.6 379 370 432 679 596 535 1022 1021 
27.05.18-17:30: 26.9 43.3 25.7 99.9 26.0 26.2 396 397 433 680 597 540 1023 1022 
27.05.18-18:30: 26.8 43.3 25.6 99.9 26.0 25.8 419 420 434 683 597 541 1023 1022 
27.05.18-19:30: 26.3 44.1 25.5 99.9 26.0 25.6 560 545 435 688 603 548 1023 1022 
27.05.18-20:30: 26.1 44.6 25.4 99.9 25.9 25.2 631 625 435 688 608 549 1023 1021 
27.05.18-21:30: 25.7 45.5 25.3 99.9 25.9 25.0 883 874 436 690 611 541 1023 1021 
27.05.18-22:30: 25.5 45.9 25.2 99.9 25.8 25.0 1015 1011 435 690 613 543 1020 1023 
27.05.18-23:30: 25.3 46.3 25.1 99.9 25.7 24.7 1016 1012 435 690 613 543 1023 1022 
28.05.18-00:30: 25.2 46.6 24.9 99.9 25.4 24.6 1022 1022 1023 1023 611 542 1023 1021 
28.05.18-01:30: 25.0 46.8 24.8 99.9 25.2 24.5 1023 1023 1023 1023 609 544 1023 1022 
28.05.18-02:30: 25.0 46.7 24.6 99.9 25.1 24.4 1023 1023 1023 1023 609 545 1023
28.05.18-03:30: 24.9 46.9 24.6 99.9 25.0 24.4 1022 1022 1023 1023 609 547 1022 1022 
28.05.18-04:30: 24.8 47.1 24.5 99.9 24.9 24.4 1023 1022 1023 1023 610 548 1023 1022 
28.05.18-05:30: 24.8 47.2 24.4 99.9 24.8 24.4 1023 1023 1023 1023 610 550 1023 1022 
28.05.18-06:30: 24.8 47.5 24.6 99.9 24.9 24.4 980 978 434 687 614 553 1023 1022 
28.05.18-07:30: 24.8 47.5 24.6 99.9 24.9 24.6 724 715 434 687 617 556 1023 1022 
28.05.18-08:30: 25.0 47.4 24.6 99.9 25.0 24.6 588 565 434 686 621 549 1023 1020 
28.05.18-09:30: 25.1 47.3 24.6 99.9 25.1 24.8 609 582 434 686 621 551 1023 1022 
28.05.18-10:30: 25.2 47.0 24.7 99.9 25.1 25.0 537 508 434 685 621 549 1019 1022 
28.05.18-11:30: 25.4 46.6 24.7 99.9 25.1 25.6 466 442 434 683 621 550 1022 1022 
28.05.18-12:30: 26.2 45.2 24.8 99.9 25.2 25.7 345 320 433 677 617 541 1023 1022 
28.05.18-13:30: 26.4 44.6 25.0 99.9 25.3 26.3 436 418 433 683 613 542 1023 1022 
28.05.18-14:30: 27.0 43.8 25.2 99.9 25.6 28.1 303 261 427 655 608 548 1022 1021 
28.05.18-15:30: 28.7 40.7 25.9 99.9 25.8 27.4 275 253 425 640 604 541 1023 1022 
28.05.18-16:30: 28.1 41.3 25.8 99.9 25.9 26.6 267 283 428 649 602 540 1023 1022 
28.05.18-17:30: 27.5 42.0 25.7 99.9 26.0 26.1 353 379 433 678 602 545 1023 1022 
28.05.18-18:30: 26.8 43.1 25.5 99.9 26.0 25.8 481 490 433 685 604 546 1022 1022 
28.05.18-19:30: 26.4 44.2 25.5 99.9 25.9 25.5 528 530 433 686 608 547 1022 1023 
28.05.18-20:30: 26.1 44.3 25.4 99.9 25.9 25.2 615 611 434 687 609 551 1023 1022 
28.05.18-21:30: 25.7 45.2 25.3 99.9 25.9 24.9 834 822 434 689 612 546 1022 1022 
28.05.18-22:30: 25.4 45.6 25.1 99.9 25.8 24.8 1016 1012 434 689 613 544 1023 1022 
28.05.18-23:30: 25.2 46.1 25.0 99.9 25.6 24.6 1016 1013 435 689 613 545 1023 1021 
29.05.18-00:30: 25.1 46.5 24.8 99.9 25.4 24.5 1023 1023 1023 1023 612 543 1023 1022 
29.05.18-01:30: 25.0 46.5 24.6 99.9 25.2 24.4 1022 1022 1023 1023 610 544 1023 1022 
29.05.18-02:30: 24.8 46.5 24.6 99.9 25.0 24.3 1022 1023 1023 1023 610 546 1023 1022 
29.05.18-03:30: 24.8 46.8 24.5 99.9 24.9 24.3 1023 1023 1023 1023 611 548 1023 1022 
29.05.18-04:30: 24.7 47.1 24.4 99.9 24.8 24.2 1023 1023 1023 1023 611 549 1023 1022 
29.05.18-05:30: 24.6 46.9 24.4 99.9 24.8 24.2 1023 1023 1023 1023 612 551 1023 1022 
29.05.18-06:30: 24.6 47.2 24.5 99.9 24.8 24.3 981 978 434 687 614 552 1023 1022 
29.05.18-07:30: 24.9 47.1 24.5 99.9 24.9 24.5 734 727 434 686 618 555 1023 102
29.05.18-08:30: 24.9 47.1 24.5 99.9 24.9 24.8 2  518 500 434 684 621 552 1023 102
29.05.18-09:30: 25.2 46.6 24.6 99.9 25.0 25.1 452 436 434 682 622 553 1023 1022 
29.05.18-10:30: 25.6 45.7 24.7 99.9 25.1 25.6 439 417 434 682 620 552 1023 1022 
29.05.18-11:30: 26.1 44.7 24.8 99.9 25.2 25.6 388 382 434 679 616 550 1023 1021 
29.05.18-12:30: 26.3 44.1 24.9 99.9 25.2 25.6 408 401 434 681 613 549 1023 1022 
29.05.18-13:30: 26.3 44.1 25.0 99.9 25.3 26.1 407 393 434 681 611 551 1022 1022 
29.05.18-14:30: 26.8 43.6 25.1 99.9 25.5 27.1 307 265 429 659 611 547 1020 1022 
29.05.18-15:30: 28.0 41.1 25.6 99.9 25.7 27.3 352 337 449 671 607 551 1023 1022 
29.05.18-16:30: 27.9 41.1 25.6 99.9 25.9 26.5 244 252 702 638 607 551 1023 1022 
29.05.18-17:30: 27.3 41.6 25.6 99.9 25.9 26.0 351 376 713 676 606 549 1022 1022 
29.05.18-18:30: 26.7 42.7 25.4 99.9 25.9 25.7 476 488 713 684 606 557 1023 1023 
29.05.18-19:30: 26.3 43.4 25.4 99.9 25.9 25.4
29.05.18-20:30: 26.0 43.9 25.3 99.9 25.8 25.2
29.05.18-21:30: 25.4 45.0 25.2 99.9 25.8 24.9 826 824 716 688 612 551 1023 1022 
29.05.18-22:30: 25.4 45.0 25.1 99.9 25.7 24.9 1016 1013 716 688 613 548 1023 1022 
29.05.18-23:30: 25.3 45.4 25.0 99.9 25.6 24.7 1016 1013 716 689 614 548 1023 1023 
30.05.18-00:30: 25.2 45.9 24.8 99.9 25.4 24.6 1023 1023 1023 1023 613 547 1023 1022 
30.05.18-01:30: 25.0 46.1 24.7 99.9 25.2 24.5 1023 1023 1023 1023 612 547 1023 1022 
30.05.18-02:30: 25.0 46.3 24.6 99.9 25.1 24.4 1023 1023 1023 1023 612 548 1022 1022 
30.05.18-03:30: 24.9 46.1 24.6 99.9 24.9 24.4 1023 1022 1023 1023 612 549 1023 1023 
30.05.18-04:30: 24.8 46.2 24.5 99.9 24.8 24.4 1023 1023 1023 1023 613 551 1023 1022 
30.05.18-05:30: 24.8 46.4 24.4 99.9 24.8 24.4 1022 1023 1023 1023 613 552 1023 1022 
30.05.18-06:30: 24.8 46.7 24.6 99.9 24.9 24.4 983 981 714 686 616 550 1023 1022 
30.05.18-07:30: 24.9 46.8 24.6 99.9 24.9 24.6 734 721 715 686 619 553 1023 1023 
30.05.18-08:30: 25.0 46.9 24.6 99.9 25.0 24.9 633 620 715 685 621 552 1022 1023 
30.05.18-09:30: 25.3 46.1 24.7 99.9 25.1 25.2 490 489 714 682 622 554 1023 1022 
30.05.18-10:30: 25.7 45.6 24.8 99.9 25.2 25.7 458 463 714 681 618 552 1019 1023 
30.05.18-11:30: 26.3 44.6 25.0 99.9 25.3 25.9 385 383 713 677 613 548 1020 1022 
30.05.18-12:30: 26.6 44.2 25.1 99.9 25.4 25.9 388 378 713 679 611 546 1020 1023 
30.05.18-13:30: 26.6 43.9 25.2 99.9 25.6 26.7 368 348 713 679 609 548 1023 1023 
30.05.18-14:30: 27.5 42.4 25.4 99.9 25.8 28.0 294 257 705 662 606 545 1020 1023 
30.05.18-15:30: 28.9 39.8 26.0 99.9 26.0 27.7 287 265 706 654 605 544 1023 1023 
30.05.18-16:30: 27.9 40.7 26.0 99.9 26.1 27.0 260 272 705 649 604 543 1023 1023 
30.05.18-17:30: 27.9 40.7 25.9 99.9 26.2 26.5 345 350 712 675 604 546 1023 1023 
30.05.18-18:30: 27.3 41.9 25.8 99.9 26.2 26.1 423 427 714 682 604 548 1023 1023 
30.05.18-19:30: 26.8 42.8 25.7 99.9 26.2 25.8 480 475 715 684 606 550 1023 1023 
30.05.18-20:30: 26.5 43.4 25.6 99.9 26.1 25.5 588 579 716 686 608 553 1023 1023 
30.05.18-21:30: 26.0 43.9 25.5 99.9 26.1 25.2 861 855 716 688 609 548 1023 1023 
30.05.18-22:30: 25.7 44.5 25.4 99.9 26.1 25.1 1016 1013 717 688 610 547 1023 1023 
30.05.18-23:30: 25.6 45.3 25.3 99.9 25.9 24.9 1016 1012 717 688 611 541 1023 1023 
31.05.18-00:30: 25.4 45.7 25.1 99.9 25.7 24.9 1023 1023 1023 1023 610 545 1023 1023 
31.05.18-01:30: 25.4 46.1 25.0 99.9 25.5 24.8 1023 1023 1023 1023 609 545 1023 1023 
31.05.18-02:30: 25.2 46.1 24.9 99.9 25.4 24.8 1023 1023 1023 1023 609 547 1023 1022 
31.05.18-03:30: 25.2 46.0 24.8 99.9 25.2 24.8 1023 1023 1023 1023 609 548 1023 1023 
31.05.18-04:30: 25.1 46.2 24.8 99.9 25.1 24.7 1023 1023 1023 1023 610 550 1023 1022 
31.05.18-05:30: 25.1 46.2 24.7 99.9 25.1 24.7 1023 1023 1023 1023 611 551 1023 1023 
31.05.18-06:30: 25.1 46.5 24.9 99.9 25.2 24.8 966 962 715 685 613 552 1023 1023 
31.05.18-07:30: 25.2 46.7 24.9 99.9 25.2 24.9 714 702 715 686 616 552 1022 1023 
31.05.18-08:30: 25.3 46.5 24.9 99.9 25.4 25.1 579 576 715 684 617 551 1023 1023 
31.05.18-09:30: 25.5 46.2 25.0 99.9 25.4 25.4 528 532 715 683 618 551 1023 1023 
31.05.18-10:30: 25.9 45.6 25.1 99.9 25.5 25.8 458 459 714 681 616 546 1023 1023 
31.05.18-11:30: 26.4 44.8 25.2 99.9 25.6 25.9 416 422 714 678 611 553 1023 1023 
31.05.18-12:30: 26.6 44.3 25.3 99.9 25.7 26.0 438 439 716 681 606 544 1020 1021 
31.05.18-13:30: 26.7 44.3 25.4 99.9 25.8 27.0 441 438 714 682 607 546 1023 1023 
31.05.18-14:30: 27.7 42.9 25.7 99.9 26.1 28.5 301 257 703 653 605 548 1022 1023 
31.05.18-15:30: 29.1 40.2 26.3 99.9 26.3 27.9 271 251 702 641 602 545 1023 1023 
31.05.18-16:30: 28.6 40.6 26.3 99.9 26.4 27.2 263 277 706 646 601 543 1023 1023 
31.05.18-17:30: 28.1 41.0 26.2 99.9 26.5 26.6 351 378 713 676 601 546 1023 1023 
31.05.18-18:30: 27.4 41.9 26.1 99.9 26.4 26.2 482 495 715 684 602 549 1023 1023 
31.05.18-19:30: 26.9 42.9 26.0 99.9 25.9 26.1 532 535 715 704 604 541 1023 1023 
31.05.18-20:30: 26.6 43.9 25.9 99.9 25.6 25.8 629 627 715 706 606 545 1023 1020 
31.05.18-21:30: 26.3 44.1 25.8 99.9 25.4 25.6 835 830 716 707 607 539 1023 1023 
31.05.18-22:30: 26.0 44.6 25.8 99.9 25.2 25.5 1016 1013 717 707 608 544 1023 1023 
31.05.18-23:30: 25.9 45.4 25.6 99.9 24.9 25.3 1017 1012 717 708 609 546 1023 1023 
01.06.18-00:30: 25.8 45.7 25.4 99.9 24.7 25.2 1023 1023 1023 1023 608 548 1023 1023 
01.06.18-01:30: 25.6 45.7 25.3 99.9 24.4 25.2 1023 1022 1023 1023 607 549 1023 1023 
01.06.18-02:30: 25.6 45.7 25.2 99.9 24.2 25.1 1023 1023 1023 1023 607 554 1023 1023 
01.06.18-03:30: 25.5 45.9 25.2 99.9 24.1 25.1 1023 1023 1023 1023 608 558 1023 1023 
01.06.18-04:30: 25.5 46.3 25.2 99.9 24.1 25.0 1023 1023 1023 1023 609 560 1023 1022 
01.06.18-05:30: 25.5 46.6 25.1 99.9 24.1 25.1 1023 1023 1023 1023 610 563 1022 1023 
01.06.18-06:30: 25.4 46.8 25.2 99.9 24.2 25.2 968 965 715 706 612 560 1023 1023 
01.06.18-07:30: 25.5 46.8 25.3 99.9 24.4 25.4 725 720 714 706 615 558 1023 1023 
01.06.18-08:30: 25.8 46.8 25.3 99.9 24.5 25.6 596 599 714 705 615 557 1023 1022 
01.06.18-09:30: 26.4 45.6 25.5 99.9 24.6 26.0 518 524 715 702 614 558 1023 1023 
01.06.18-10:30: 26.4 45.7 25.6 99.9 24.7 26.3 466 472 713 700 611 560 1020 1022 
01.06.18-11:30: 26.9 44.9 25.7 99.9 24.8 26.4 411 419 714 698 607 553 1023 1023 
01.06.18-12:30: 27.1 44.7 25.8 99.9 24.9 26.4 425 425 714 700 606 550 1023 1023 
01.06.18-13:30: 27.2 44.6 25.9 99.9 25.0 26.8 417 395 714 701 605 552 1023 1023 
01.06.18-14:30: 27.6 43.6 26.1 99.9 25.1 28.0 416 405 715 701 604 549 1023 1023 
01.06.18-15:30: 28.5 42.4 26.3 99.9 25.2 27.9 267 248 703 660 604 548 1023 1023 
01.06.18-16:30: 28.5 42.2 26.5 99.9 26.2 28.0 275 283 707 672 603 547 1023 1023 
01.06.18-17:30: 28.6 38.8 26.8 67.7 25.6 27.7 368 371 611 641 966 962 1023 1022 
01.06.18-18:30: 28.3 44.1 26.6 99.9 25.9 26.8 437 436 427 658 389 317 1023 1023 
01.06.18-19:30: 27.5 44.1 26.3 99.9 26.2 26.4 519 519 428 660 371 311 1023 1023 
01.06.18-20:30: 27.1 44.7 26.2 99.9 26.3 26.2 692 688 429 666 356 305 1020 1023 
01.06.18-21:30: 26.7 45.5 26.1 99.9 26.4 26.1 873 870 428 671 349 300 1023 1023 
01.06.18-22:30: 26.6 46.4 26.1 99.9 26.5 26.0 1017 1014 428 687 349 296 1023 1021 
01.06.18-23:30: 26.4 46.6 26.0 99.9 26.4 25.8 1017 1014 428 742 350 298 1023 1023 
02.06.18-00:30: 26.3 46.9 25.8 99.9 26.3 25.8 1023 1023 1023 1023 352 296 1023 1023 
02.06.18-01:30: 26.2 47.2 25.8 99.9 26.2 25.7 1023 1022 1023 1023 354 298 1023 1023 
02.06.18-02:30: 26.1 47.3 25.7 99.9 26.1 25.6 1023 1023 1023 1023 356 300 1023 1023 
02.06.18-03:30: 26.1 47.2 25.7 99.9 26.0 25.6 1022 1023 1023 1023 357 301 1023 1023 
02.06.18-04:30: 26.0 47.0 25.6 99.9 25.9 25.6 1022 1022 1023 1023 359 301 1023 1023 
02.06.18-05:30: 25.9 47.3 25.5 99.9 25.9 25.7 1023 1023 1023 1023 361 300 1023 1023 
02.06.18-06:30: 26.0 47.5 25.7 99.9 26.0 25.8 966 963 428 739 363 299 1022 102
02.06.18-07:30: 26.0 47.6 25.7 99.9 26.1 25.9 718 710 428 739 362 298 1023 1023 
02.06.18-08:30: 26.2 47.6 25.8 99.9 26.2 26.0 574 571 428 739 362 299 1023 1023 
02.06.18-09:30: 26.4 47.4 25.8 99.9 26.2 26.1 560 543 428 739 361 297 1022 1023 
02.06.18-10:30: 26.9 46.4 25.9 99.9 26.3 26.4 454 453 427 736 360 298 1022 1023 
02.06.18-11:30: 26.9 46.4 26.0 99.9 26.4 26.7 407 403 427 734 359 298 1023 1023 
02.06.18-12:30: 27.4 45.5 26.2 99.9 26.6 26.8 364 339 426 734 358 297 1023 1023 
02.06.18-13:30: 27.6 45.0 26.3 99.9 26.6 27.0 373 358 426 734 358 297 1023 1023 
02.06.18-14:30: 27.8 44.9 26.4 99.9 26.8 28.2 310 272 422 724 358 296 1023 1023 
02.06.18-15:30: 29.2 42.3 26.9 99.9 27.0 27.9 378 366 425 733 358 297 1022 1023 
02.06.18-16:30: 28.5 43.0 26.9 99.9 27.1 27.4 282 294 423 716 360 299 1023 1023 
EC Sensor update: no delay between applying potential difference between the probes and reading the current flow
02.06.18-17:30: 28.5 43.0 26.8 99.9 27.2 27.2 412 402 427 737 182 164 1020 1023 
